14.1347250000
18.1294405673
17.1576052043
18.1294405673
19.5198126583
21.0402749312
22.6024295991
24.1725874231
25.7364078064
27.2875270768
28.8232097386
30.3424773291
31.8452326381
33.3318239484
34.8028184889
36.2588811346
37.7007084363
39.1289927395
40.5444030870
41.9475756405
43.3391095483
44.7195659211
46.0894685536
47.4493055883
48.7995316458
50.1405701397
51.4728156128
52.7966359999
54.1123747684
55.4203529121
56.7208707907
58.0142098154
59.3006339875
60.5803912994
61.8537150085
63.1208247935
64.3819278061
65.6372196256
66.8868851269
68.1310992711
69.3700278242
70.6038280138
71.8326491274
73.0566330603
74.2759148159
75.4906229649
76.7008800666
77.9068030554
79.1085035970
80.3060884159
81.4996595981
82.6893148699
83.8751478560
85.0572483186
86.2357023789
87.4105927221
88.5819987885
89.7499969510
90.9146606802
92.0760606983
93.2342651226
94.3893396001
95.5413474321
96.6903496923
97.8364053359
98.9795713031
100.1199026154
101.2574524663
102.3922723070
103.5244119258
104.6539195243
105.7808417883
106.9052239546
108.0271098747
109.1465420741
110.2635618092
111.3782091202
112.4905228822
113.6005408525
114.7082997162
115.8138351289
116.9171817580
118.0183733208
119.1174426216
120.2144215867
121.3093412972
122.4022320211
123.4931232432
124.5820436937
125.6690213754
126.7540835903
127.8372569639
128.9185674689
129.9980404485
131.0757006372
132.1515721822
133.2256786626
134.2980431089
135.3686880207
136.4376353842
